       0.002867       -0.000000        1.731523       -0.001423        1.959776        0.000001       -0.395998       -0.001427        0.000001       -2.009655        0.006539       -0.000000       -0.616280        0.000021        0.003156        0.003169        0.003290        0.002710        0.003268        0.002210        0.002342        0.002469        0.003276        0.003760 
      -0.000000        0.000000        0.005887        0.000000        0.000006        0.000000       -0.001300        0.000000       -0.000000        0.000528        0.000016        0.000000       -0.001652        0.000000       -0.000001       -0.000001       -0.000001       -0.000000       -0.000000       -0.000000       -0.000000       -0.000000       -0.000001       -0.000001 
       1.731523        0.005887    25335.963203       -0.508459    -2170.909575        0.003021    -2596.087140       -0.532255       -0.001318     -357.435108       34.165998        0.006112   -10822.685653        0.176847        1.695702        1.702244        1.423085        0.813226        1.494556        0.947433        1.018156        1.213716        1.867748        2.119877 
      -0.001423        0.000000       -0.508459        0.000769       -0.637912       -0.000000       -0.381034        0.000757       -0.000001        1.124275        0.001876        0.000000       -0.096151       -0.000008       -0.001672       -0.001675       -0.001782       -0.001467       -0.001696       -0.001203       -0.001267       -0.001302       -0.001727       -0.001964 
       1.959776        0.000006    -2170.909575       -0.637912    27269.612230        0.001836   -14073.490908       -0.723952       -0.003880    -1798.062186       30.589565       -0.002346    -5208.474429        0.008535        1.301539        1.398343        1.510862        1.267194        2.178571        1.155787        1.020190        1.284140        1.005602        1.694736 
       0.000001        0.000000        0.003021       -0.000000        0.001836        0.000000        0.000438       -0.000000        0.000000       -0.011753        0.000175        0.000000       -0.014223       -0.000000        0.000001        0.000001        0.000001        0.000001        0.000001        0.000001        0.000000        0.000001        0.000001        0.000001 
      -0.395998       -0.001300    -2596.087140       -0.381034   -14073.490908        0.000438   317130.312262        0.177195        0.003446    -3472.573997      -93.195661        0.034691   135973.765947       -0.496330        0.631381        0.569786        0.867952        0.783499        0.270576        0.651745        0.635058        0.657227        0.755708        0.509424 
      -0.001427        0.000000       -0.532255        0.000757       -0.723952       -0.000000        0.177195        0.000775       -0.000001        1.155688        0.003101        0.000000        0.156198       -0.000009       -0.001652       -0.001656       -0.001753       -0.001449       -0.001720       -0.001184       -0.001247       -0.001298       -0.001708       -0.001947 
       0.000001       -0.000000       -0.001318       -0.000001       -0.003880        0.000000        0.003446       -0.000001        0.000000        0.000384       -0.000078        0.000000        0.001785       -0.000000        0.000001        0.000001        0.000002        0.000001        0.000001        0.000001        0.000001        0.000001        0.000001        0.000002 
      -2.009655        0.000528     -357.435108        1.124275    -1798.062186       -0.011753    -3472.573997        1.155688        0.000384    12094.539535     -142.118012       -0.002703      852.936336        0.011600       -2.412150       -2.418044       -2.609620       -2.164442       -2.773422       -1.880867       -1.852318       -2.080463       -2.469329       -2.818643 
       0.006539        0.000016       34.165998        0.001876       30.589565        0.000175      -93.195661        0.003101       -0.000078     -142.118012       44.279227        0.000038      -86.750452        0.000128       -0.001312       -0.001031       -0.004566       -0.004102       -0.001744       -0.002127       -0.003156       -0.003943       -0.000653        0.000665 
      -0.000000        0.000000        0.006112        0.000000       -0.002346        0.000000        0.034691        0.000000        0.000000       -0.002703        0.000038        0.000000       -0.191340        0.000000       -0.000000       -0.000000       -0.000000       -0.000000       -0.000000       -0.000000       -0.000000       -0.000000       -0.000000       -0.000000 
      -0.616280       -0.001652   -10822.685653       -0.096151    -5208.474429       -0.014223   135973.765947        0.156198        0.001785      852.936336      -86.750452       -0.191340  1257391.515776        0.112689       -0.129595       -0.157200        0.121287        0.276350       -0.253780        0.089264        0.091427        0.007290       -0.125615       -0.292151 
       0.000021        0.000000        0.176847       -0.000008        0.008535       -0.000000       -0.496330       -0.000009       -0.000000        0.011600        0.000128        0.000000        0.112689        0.000029        0.000022        0.000022        0.000020        0.000014        0.000020        0.000013        0.000014        0.000015        0.000023        0.000026 
       0.003156       -0.000001        1.695702       -0.001672        1.301539        0.000001        0.631381       -0.001652        0.000001       -2.412150       -0.001312       -0.000000       -0.129595        0.000022        0.003810        0.003670        0.003874        0.003184        0.003717        0.002612        0.002756        0.002850        0.003791        0.004315 
       0.003169       -0.000001        1.702244       -0.001675        1.398343        0.000001        0.569786       -0.001656        0.000001       -2.418044       -0.001031       -0.000000       -0.157200        0.000022        0.003670        0.003884        0.003882        0.003190        0.003729        0.002617        0.002761        0.002857        0.003798        0.004326 
       0.003290       -0.000001        1.423085       -0.001782        1.510862        0.000001        0.867952       -0.001753        0.000002       -2.609620       -0.004566       -0.000000        0.121287        0.000020        0.003874        0.003882        0.004182        0.003397        0.003927        0.002790        0.002937        0.003017        0.004001        0.004551 
       0.002710       -0.000000        0.813226       -0.001467        1.267194        0.000001        0.783499       -0.001449        0.000001       -2.164442       -0.004102       -0.000000        0.276350        0.000014        0.003184        0.003190        0.003397        0.002811        0.003240        0.002293        0.002415        0.002484        0.003288        0.003741 
       0.003268       -0.000000        1.494556       -0.001696        2.178571        0.000001        0.270576       -0.001720        0.000001       -2.773422       -0.001744       -0.000000       -0.253780        0.000020        0.003717        0.003729        0.003927        0.003240        0.003942        0.002652        0.002793        0.002925        0.003844        0.004397 
       0.002210       -0.000000        0.947433       -0.001203        1.155787        0.000001        0.651745       -0.001184        0.000001       -1.880867       -0.002127       -0.000000        0.089264        0.000013        0.002612        0.002617        0.002790        0.002293        0.002652        0.007501        0.001983        0.002037        0.002693        0.003065 
       0.002342       -0.000000        1.018156       -0.001267        1.020190        0.000000        0.635058       -0.001247        0.000001       -1.852318       -0.003156       -0.000000        0.091427        0.000014        0.002756        0.002761        0.002937        0.002415        0.002793        0.001983        0.002156        0.002146        0.002848        0.003238 
       0.002469       -0.000000        1.213716       -0.001302        1.284140        0.000001        0.657227       -0.001298        0.000001       -2.080463       -0.003943       -0.000000        0.007290        0.000015        0.002850        0.002857        0.003017        0.002484        0.002925        0.002037        0.002146        0.002388        0.002948        0.003361 
       0.003276       -0.000001        1.867748       -0.001727        1.005602        0.000001        0.755708       -0.001708        0.000001       -2.469329       -0.000653       -0.000000       -0.125615        0.000023        0.003791        0.003798        0.004001        0.003288        0.003844        0.002693        0.002848        0.002948        0.006561        0.004471 
       0.003760       -0.000001        2.119877       -0.001964        1.694736        0.000001        0.509424       -0.001947        0.000002       -2.818643        0.000665       -0.000000       -0.292151        0.000026        0.004315        0.004326        0.004551        0.003741        0.004397        0.003065        0.003238        0.003361        0.004471        0.020061 
